Current Value of your Crypto in EURO:
BTC : 22233.140482002687
LTC : 484.57291594518387
ETC : 23.937349931682