Current Value of your Crypto:
BTC :22221.059661867046
LTC :486.7144182776442
ETC :23.95300805470168